# Frozen eta-sample membership (188 conditioned targets from the 0.5 d M1 run).
# Pinned for the window-only recompute (0.5 d -> 2.5 d). Do NOT retry the 12 skipped.
100103683
101932654
101949364
111269697
114750450
114918596
114953216
114990385
115114717
115115136
115276107
117875969
118327550
120414503
12393723
12470520
12773534
139453344
139700906
144386555
144435085
150031766
150032786
150065244
150102227
150191881
150429481
150430275
155951271
155951632
156003626
159672838
160069047
161112458
161209504
161459089
167526477
167813804
175391698
179678378
179985715
180999563
183529721
183537557
183675957
183979262
184137441
184398115
188544142
188570399
197783882
197809777
197829601
197892635
199731707
199735836
200742257
200769811
200782823
200802812
204584365
206466813
206467901
206469812
206474468
206478479
206532858
207148330
211436475
218960215
219141658
219229293
219238878
219255235
220388567
220394125
220394510
220408612
220413881
220414767
220416628
220423078
220423277
220482527
224281503
224285142
224285897
229037487
229039703
231013930
231020078
231047005
231061445
231671734
231862051
233959273
237356930
237356985
237912376
240764987
246883482
248945311
248952560
251841265
251845481
251846711
251848320
251848941
251853202
251879885
251881536
251882735
257735550
260420562
262820103
262823544
262824351
262829638
266717622
266877446
266968065
267320484
268769168
270166054
270275818
270621379
277802122
277892347
281598447
281729296
281788484
287174076
293166958
293224564
293270932
299134860
313934186
316854882
316915259
316967137
317128444
326198086
33493176
364264680
369219891
37716825
37744730
37745685
37773644
3806602
380824767
380827643
382304517
382472618
3836148
393963749
396695653
396723074
40047077
402026350
402129754
405428895
408004431
408083407
419051315
425931703
425936552
441056293
441193637
44626145
469947160
469948126
469980385
52077955
53938270
60111124
66356538
70722627
70744320
70777408
79403675
79424904
80339388
80438901
92196301
92444934
92451349
92706840
